0 0.05546875 0.17421875 0.1109375 0.1359375
0 0.2890625 0.0421875 0.1125 0.084375
0 0.05625 0.0421875 0.1125 0.084375
0 0.16953125 0.0421875 0.1140625 0.084375
0 0.39921875 0.04140625 0.1015625 0.0828125
0 0.17265625 0.17734375 0.1171875 0.133203125
0 0.29140625 0.17421875 0.114453125 0.123828125
0 0.40078125 0.1765625 0.0984375 0.13125
0 0.6015625 0.03125 0.02734375 0.01640625
1 0.6890625 0.35546875 0.196875 0.0890625
0 0.39609375 0.58203125 0.040625 0.03125
1 0.17734375 0.80546875 0.169921875 0.2265625
1 0.875 0.82578125 0.19375 0.279296875