0 0.56796875 0.671875 0.121875 0.11875
0 0.5703125 0.37421875 0.115625 0.125
0 0.5671875 0.5265625 0.11640625 0.125
0 0.0734375 0.38359375 0.1171875 0.146875
0 0.0734375 0.6703125 0.1140625 0.1359375
0 0.9234375 0.67265625 0.11484375 0.1203125
0 0.9234375 0.37890625 0.115625 0.1234375
0 0.30859375 0.52109375 0.1125 0.1171875
0 0.1921875 0.3703125 0.1140625 0.11796875
0 0.309375 0.37421875 0.11640625 0.115625
0 0.428125 0.37578125 0.1203125 0.11875
0 0.68828125 0.37265625 0.115625 0.1234375
0 0.80546875 0.37421875 0.115625 0.11796875
0 0.07109375 0.51953125 0.1203125 0.1203125
0 0.1890625 0.521875 0.11484375 0.1171875
0 0.43046875 0.5203125 0.1265625 0.11796875
0 0.19140625 0.67265625 0.1171875 0.13359375
0 0.31015625 0.66953125 0.11484375 0.12421875
0 0.428125 0.67265625 0.1140625 0.13125
0 0.6875 0.5265625 0.1140625 0.12421875
0 0.8046875 0.52578125 0.11171875 0.12109375
0 0.6890625 0.6703125 0.1125 0.115625
0 0.80703125 0.67109375 0.11328125 0.11953125
0 0.925 0.52265625 0.1234375 0.11484375