0 0.14921875 0.1390625 0.121875 0.11875
0 0.14765625 0.028125 0.1171875 0.05625
0 0.5046875 0.13984375 0.115234375 0.1203125
0 0.0375 0.02265625 0.075 0.0453125
0 0.0328125 0.1390625 0.065625 0.13125
0 0.26796875 0.02734375 0.1140625 0.0546875
0 0.38515625 0.0265625 0.1109375 0.053125
0 0.2703125 0.1375 0.1125 0.115625
0 0.38828125 0.13828125 0.113671875 0.119921875
0 0.50546875 0.0234375 0.1234375 0.046875
0 0.20234375 0.93359375 0.020703125 0.039453125
1 0.54609375 0.80546875 0.0453125 0.1953125
0 0.57890625 0.50859375 0.0203125 0.0171875
1 0.66015625 0.8046875 0.1828125 0.265625