0 0.71328125 0.1953125 0.5734375 0.390625
1 0.103125 0.87421875 0.20625 0.2515625
0 0.83203125 0.86875 0.121875 0.11875
0 0.834375 0.57109375 0.115625 0.125
0 0.83125 0.7234375 0.11640625 0.125
0 0.57265625 0.71796875 0.1125 0.1171875
0 0.4609375 0.56640625 0.103125 0.1171875
0 0.5734375 0.57109375 0.11640625 0.115625
0 0.6921875 0.57265625 0.1203125 0.11875
0 0.946875 0.56953125 0.10625 0.1234375
0 0.459375 0.71796875 0.1 0.1171875
0 0.69453125 0.7171875 0.1265625 0.11796875
0 0.46171875 0.86875 0.1046875 0.134375
0 0.57421875 0.86640625 0.11484375 0.12421875
0 0.6921875 0.86953125 0.1140625 0.13125
0 0.946875 0.72265625 0.10625 0.1234375
0 0.9484375 0.8671875 0.103125 0.115625